803
407 103
54 36
251 532
327 466
534 125
91 285
704 461
362 504
717 171
3 2
103 151
164 302
296 82
61 236
342 556
535 188
156 31
134 227
546 251
27 243
260 789
217 395
43 320
678 49
385 86
185 279
41 424
24 124
419 271
287 531
5 271
262 213
3 494
192 84
104 497
541 631
84 331
64 394
163 31
646 88
189 7
35 101
50 118
560 310
19 34
53 681
221 61
201 162
268 347
479 41
511 321
269 390
207 521
9 548
35 357
10 5
726 798
144 702
110 250
694 117
43 174
91 707
40 18
120 132
26 128
99 270
472 105
174 699
399 155
287 217
362 147
522 622
375 279
31 62
559 542
107 388
104 101
381 621
18 157
88 18
510 617
367 130
164 316
447 245
70 641
571 89
4 59
186 629
37 7
18 30
715 197
626 107
87 278
166 327
335 5
348 96
28 3
35 238
332 285
251 792
632 567
359 772
324 278
759 575
172 55
15 26
610 690
541 131
190 276
353 672
605 116
117 169
121 404
596 173
183 515
521 724
130 112
214 372
308 43
445 555
383 446
159 275
352 293
359 526
425 23
754 159
415 132
397 233
54 96
22 94
318 256
173 46
606 318
155 414
146 168
243 263
47 35
148 500
487 649
73 725
599 4
75 62
134 334
120 793
211 219
89 133
321 187
225 63
577 174
4 433
391 452
609 462
226 54
1 2
40 530
381 549
97 121
641 648
213 700
421 195
199 630
318 764
382 487
373 441
184 480
2 6
184 102
485 696
252 438
538 217
564 310
731 208
64 47
8 199
572 523
259 587
99 137
569 208
797 528
77 427
299 467
41 457
90 410
749 516
271 288
99 774
220 540
482 319
633 321
412 398
168 253
28 428
368 268
536 202
671 110
487 638
193 93
412 635
666 636
622 753
517 211
215 75
549 730
734 340
154 185
393 706
17 60
280 86
611 148
57 233
624 507
251 430
547 439
472 639
47 61
50 47
422 248
678 776
98 58
549 598
15 17
491 493
20 21
72 735
5 11
758 791
705 710
92 489
559 578
84 5
294 381
79 597
102 99
46 644
259 67
31 18
214 222
70 369
16 171
120 290
583 454
418 222
442 277
67 90
38 45
229 600
88 461
763 370
771 598
179 44
2 53
108 52
276 286
258 197
14 8
15 767
383 44
50 440
52 254
322 190
2 33
356 258
476 379
307 52
70 443
11 373
37 145
207 146
234 697
349 481
202 150
383 420
126 213
202 299
147 507
353 2
57 260
344 691
473 292
23 117
21 113
326 677
77 203
152 58
522 790
640 429
257 745
326 94
636 525
44 17
26 146
478 122
281 361
482 778
48 138
269 448
175 109
173 591
2 86
160 87
121 155
653 637
8 709
64 67
180 181
155 460
591 604
204 405
71 374
472 580
264 208
319 288
300 301
561 534
158 111
87 21
584 232
153 582
525 50
143 329
222 543
378 164
747 352
202 224
257 495
25 10
330 86
196 35
322 575
4 539
471 271
90 363
348 689
136 141
22 16
269 262
557 167
220 124
141 167
510 542
697 729
94 153
309 40
167 618
283 7
147 42
7 68
796 108
28 244
282 343
795 342
743 22
77 15
279 393
686 781
83 26
333 236
321 365
718 244
400 17
519 232
468 461
281 253
38 211
371 92
106 336
602 623
586 568
566 592
214 48
665 634
751 288
100 186
675 155
162 328
437 68
279 524
139 345
768 54
129 106
583 647
81 68
154 18
50 721
524 800
29 159
590 243
265 272
164 140
89 277
229 12
668 75
280 351
313 175
534 563
35 33
359 401
19 9
785 56
256 227
400 770
416 292
212 484
246 150
570 540
68 687
80 120
30 658
257 42
87 239
13 7
89 2
679 181
552 573
263 312
86 106
248 680
643 154
240 56
136 69
655 265
262 465
344 51
28 78
7 82
402 70
49 100
476 589
463 488
161 65
295 24
94 176
43 289
451 89
17 24
142 522
141 268
205 788
56 252
2 4
123 10
675 736
446 657
5 3
180 780
53 119
616 220
323 132
23 10
209 145
30 66
78 723
642 424
74 204
501 477
652 465
479 520
610 564
765 451
125 746
82 109
509 371
794 701
99 59
107 444
436 313
80 291
314 255
396 150
212 761
413 2
377 143
103 51
245 274
366 362
311 579
114 42
275 562
364 338
613 386
738 636
415 503
391 232
588 315
53 398
71 46
719 324
332 602
416 756
494 786
445 492
59 370
529 189
23 144
26 116
650 157
112 217
542 654
553 325
462 67
39 177
304 74
134 127
661 333
300 154
456 215
32 58
693 150
102 131
490 82
233 242
608 8
298 341
358 170
50 85
188 88
342 66
91 727
502 404
450 124
782 62
192 261
464 514
191 31
236 722
757 432
131 360
551 197
309 733
150 91
146 408
256 769
16 14
557 574
180 801
200 10
338 67
498 714
94 698
63 234
88 306
628 358
386 340
85 674
29 52
760 558
310 54
36 625
8 340
601 128
38 265
385 459
559 802
55 143
692 93
56 21
65 311
720 222
18 70
350 552
67 235
79 15
387 102
249 225
10 32
466 576
272 716
157 294
206 24
273 163
50 241
332 379
249 449
10 411
595 147
464 410
69 19
491 216
162 325
354 1
34 434
31 41
58 105
742 325
385 581
194 376
224 237
70 711
399 513
703 450
55 25
180 49
80 24
155 389
46 593
9 95
224 758
65 28
110 46
505 173
4 170
608 726
550 218
303 63
49 9
664 13
112 39
255 28
20 13
146 346
251 115
46 92
141 197
468 607
432 252
182 68
111 14
799 788
779 86
67 469
695 637
686 353
705 511
708 587
477 197
486 39
739 738
409 350
382 233
206 218
41 775
122 70
94 208
148 392
107 79
670 486
195 49
763 783
752 112
419 750
166 141
73 8
455 341
475 280
372 732
223 36
27 454
2 39
198 496
187 485
36 97
107 565
427 651
740 599
498 407
537 305
518 170
545 466
337 83
22 27
84 148
53 76
5 149
744 310
128 516
676 623
118 142
38 205
8 7
129 162
508 1
24 292
17 57
685 381
787 361
29 42
58 663
51 74
297 218
426 299
43 34
151 298
205 406
55 72
178 63
367 512
435 41
463 379
470 114
94 228
431 220
234 566
115 84
20 231
773 677
94 183
612 571
384 269
158 533
63 190
194 78
9 8
58 423
594 20
3 12
23 29
701 440
682 564
343 359
10 284
483 26
364 439
554 139
614 342
177 187
803 163
380 152
247 81
186 499
620 38
266 85
215 748
62 317
122 210
305 122
376 523
127 52
394 762
256 645
148 232
128 660
426 777
662 181
305 528
143 585
568 85
766 281
350 291
417 412
256 603
186 669
139 82
215 339
684 491
206 510
36 8
152 429
147 667
140 4
125 3
41 51
445 225
431 659
544 359
216 688
230 217
458 221
443 527
10 198
713 306
315 258
627 295
619 165
45 135
55 267
634 309
23 63
103 165
91 57
784 255
27 93
46 31
712 690
558 138
133 453
606 615
